CFG-INF - 06 02 0A 00 00 00 00 00 FF FF FF FF 00 00
CFG-INF - 06 02 0A 00 00 00 00 00 FF FF FF FF 00 00
CFG-INF - 06 02 0A 00 01 00 00 00 87 87 87 87 87 87
CFG-INF - 06 02 0A 00 03 00 00 00 00 00 00 00 00 00
CFG-MSG - 06 01 08 00 0B 30 00 00 00 00 00 00
CFG-MSG - 06 01 08 00 0B 30 00 00 00 00 00 00
CFG-MSG - 06 01 08 00 0B 32 00 00 00 00 00 00
CFG-MSG - 06 01 08 00 0B 33 00 00 00 00 00 00
CFG-MSG - 06 01 08 00 0B 31 00 00 00 00 00 00
CFG-MSG - 06 01 08 00 0B 01 00 00 00 00 00 00
CFG-MSG - 06 01 08 00 0A 09 00 00 00 00 00 00
CFG-MSG - 06 01 08 00 0A 02 00 00 00 00 00 00
CFG-MSG - 06 01 08 00 0A 06 00 00 00 00 00 00
CFG-MSG - 06 01 08 00 0A 07 00 00 00 00 00 00
CFG-MSG - 06 01 08 00 0A 21 00 00 00 00 00 00
CFG-MSG - 06 01 08 00 0A 08 00 00 00 00 00 00
CFG-MSG - 06 01 08 00 01 60 00 00 00 00 00 00
CFG-MSG - 06 01 08 00 01 22 00 01 00 00 00 00
CFG-MSG - 06 01 08 00 01 31 00 00 00 00 00 00
CFG-MSG - 06 01 08 00 01 04 00 00 00 00 00 00
CFG-MSG - 06 01 08 00 01 02 00 01 00 00 00 00
CFG-MSG - 06 01 08 00 01 32 00 00 00 00 00 00
CFG-MSG - 06 01 08 00 01 06 00 01 00 00 00 00
CFG-MSG - 06 01 08 00 01 03 00 01 00 00 00 00
CFG-MSG - 06 01 08 00 01 03 00 01 00 00 00 00
CFG-MSG - 06 01 08 00 01 30 00 00 00 00 00 00
CFG-MSG - 06 01 08 00 01 20 00 00 00 00 00 00
CFG-MSG - 06 01 08 00 01 21 00 01 00 00 00 00
CFG-MSG - 06 01 08 00 01 11 00 00 00 00 00 00
CFG-MSG - 06 01 08 00 01 12 00 01 00 00 00 00
CFG-MSG - 06 01 08 00 01 12 00 01 00 00 00 00
CFG-MSG - 06 01 08 00 0D 03 00 00 00 00 00 00
CFG-MSG - 06 01 08 00 0D 01 00 01 00 00 00 00
CFG-MSG - 06 01 08 00 F0 00 01 00 01 01 01 01
CFG-MSG - 06 01 08 00 F0 01 01 00 01 01 01 01
CFG-MSG - 06 01 08 00 F0 02 01 00 01 01 01 01
CFG-MSG - 06 01 08 00 F0 03 01 00 01 01 01 01
CFG-MSG - 06 01 08 00 F0 04 01 00 01 01 01 01
CFG-MSG - 06 01 08 00 F0 05 01 00 01 01 01 01
CFG-MSG - 06 01 08 00 F0 05 01 00 01 01 01 01
CFG-MSG - 06 01 08 00 F0 06 00 00 00 00 00 00
CFG-MSG - 06 01 08 00 F0 07 00 00 00 00 00 00
CFG-MSG - 06 01 08 00 F0 08 00 00 00 00 00 00
CFG-MSG - 06 01 08 00 F0 09 00 00 00 00 00 00
CFG-MSG - 06 01 08 00 F0 0A 00 00 00 00 00 00
CFG-PRT - 06 00 14 00 00 00 00 00 00 00 00 00 00 00 00 00 00 00 00 00 00 00 00 00
CFG-PRT - 06 00 14 00 00 00 00 00 00 00 00 00 00 00 00 00 00 00 00 00 00 00 00 00
CFG-PRT - 06 00 14 00 01 00 00 00 C0 08 00 00 00 96 00 00 03 00 03 00 00 00 00 00
CFG-PRT - 06 00 14 00 02 00 00 00 C0 08 00 00 80 25 00 00 00 00 00 00 00 00 00 00
CFG-RATE - 06 08 06 00 C8 00 01 00 01 00
